67 3d 23
24 f3 5a 78 45 53 41 41 41 41 41 41 41 41 41 41 41 41 41 41 41 41 41 41 41 41 41 41 41 41 41 41 41 41 41 24 e1 54 78 55 53 41 41 41 41 41 41 41 41 41 41 41 41 38 48 67 3d 23
24 f5 54 78 55 53 41 41 41 41 41 41 41 41 41 41 41 41 41 41 41 41 41 41 41 41 41 41 41 41 41 41 41 41 41 24 e2 51 78 63 53 41 41 41 41 41 41 41 41 41 41 41 41 36 39 41 3d 23
24 f6 51 78 63 53 41 41 41 41 41 41 41 41 41 41 41 41 41 41 41 41 41 41 41 41 41 41 41 41 41 41 41 41 41 41 41 41 41 41 4f 57 36 23
24 e4 4b 78 73 53 41 41 41 41 41 41 41 41 41 41 41 41 74 64 38 3d 23
24 f8 4b 78 73 53 41 41 41 41 41 41 41 41 41 41 41 41 41 41 41 41 41 41 41 41 24 e5 48 78 30 53 41 41 41 41 41 41 41 41 41 41 41 41 47 74 67 3d 23
24 f9 48 78 30 53 41 41 41 41 41 41 41 41 41 41 41 41 41 41 41 41 41 41 41 41 41 41 41 41 41 41 41 41 41 38 53 41 41 41 41 41 41 41 41 41 41 41 41 41 41 41 41 41 41 41 41 41 41 41 41 41 41 41 41 41 41 41 41 41 4c 47 30 23
24 e7 42 79 45 53 41 41 41 41 41 41 41 41 41 41 41 41 2b 24 e0 2b 79 49 53 41 41 41 41 41 41 41 41 41 41 41 41 70 76 30 3d 23
24 f2 2b 79 49 53 41 41 41 41 41 41 41 41 41 41 41 41 41 41 41 41 41 41 41 41 41 41 41 41 41 41 41 41 41 24 e1 37 79 51 53 41 41 41 41 41 41 41 41 41 41 41 41 69 45 55 3d 23
24 f3 37 79 51 53 41 41 41 41 41 41 41 41 41 41 41 41 41 41 41 41 41 41 41 41 41 41 41 41 41 41 41 41 41 24 e3 31 79 67 53 41 41 41 41 41 41 41 41 41 41 41 41 46 6f 6f 3d 23
24 f5 31 79 67 53 41 41 41 41 41 41 41 41 41 41 41 41 41 41 41 41 41 41 41 41 41 41 41 41 41 41 41 41 41 24 e4 79 79 6f 53 41 41 41 41 41 41 41 41 41 41 41 41 7a 4e 30 3d 23
24 f6 79 79 6f 53 41 41 41 41 41 41 41 41 41 41 41 41 41 41 41 41 41 41 41 41 41 41 41 41 41 41 41 41 41 24 e6 73 79 34 53 41 41 41 41 41 41 41 41 41 41 41 41 65 55 30 3d 23
24 f8 73 79 34 53 41 41 41 41 41 41 41 41 41 41 41 41 41 41 41 41 41 41 41 41 41 41 41 41 41 41 41 41 41 24 e7 70 7a 41 53 41 41 41 41 41 41 41 41 41 41 41 41 4b 56 